










data = {21, 7, 13, 9, 15, 3, 19, 1, 5, 11, 23, 2, 17, 6, 8, 4, 20}

pairs = { (7, 21), (9, 13), (3, 15), (1, 19), (5, 11), (2, 23), (6, 17), (4, 8), (20, -1) }

leaders = { 21, 13, 15, 19, 11, 23, 17, 8 }

sorted leaders = { 8, 11, 13, 15, 17, 19, 21, 23 }


7 in {8, 11, 13, 15, 17, 19, 21, 23}:
sortedData = {7, 8, 11, 13, 15, 17, 19, 21, 23}

9 in {7, 8, 11, 13, 15, 17, 19, 21, 23}:
sortedData = {7, 8, 9, 11, 13, 15, 17, 19, 21, 23}

3 in {7, 8, 9, 11, 13, 15, 17, 19, 21, 23}:
sortedData = {3, 7, 8, 9, 11, 13, 15, 17, 19, 21, 23}

1 in {3, 7, 8, 9, 11, 13, 15, 17, 19, 21, 23}:
sortedData = {1, 3, 7, 8, 9, 11, 13, 15, 17, 19, 21, 23}

5 in {1, 3, 7, 8, 9, 11, 13, 15, 17, 19, 21, 23}:
sortedData = {1, 3, 5, 7, 8, 9, 11, 13, 15, 17, 19, 21, 23}

2 in {1, 3, 5, 7, 8, 9, 11, 13, 15, 17, 19, 21, 23}:
sortedData = {1, 2, 3, 5, 7, 8, 9, 11, 13, 15, 17, 19, 21, 23}

6 in {1, 2, 3, 5, 7, 8, 9, 11, 13, 15, 17, 19, 21, 23}:
sortedData = {1, 2, 3, 5, 6, 7, 8, 9, 11, 13, 15, 17, 19, 21, 23}

4 in {1, 2, 3, 5, 6, 7, 8, 9, 11, 13, 15, 17, 19, 21, 23}:
sortedData = {1, 2, 3, 4, 5, 6, 7, 8, 9, 11, 13, 15, 17, 19, 21, 23}

20 in {1, 2, 3, 4, 5, 6, 7, 8, 9, 11, 13, 15, 17, 19, 21, 23}:
sortedData = {1, 2, 3, 4, 5, 6, 7, 8, 9, 11, 13, 15, 17, 19, 20, 21, 23}
